1	0.003711	0.003920
2	0.002682	0.003920
3	0.002813	0.003920
4	0.002686	0.003920
5	0.002698	0.003920
6	0.003415	0.003920
7	0.003051	0.003920
8	0.004654	0.003920
9	0.007352	0.003920
10	0.003536	0.003920
11	0.003540	0.003920
12	0.003193	0.003920
13	0.005078	0.003920
14	0.005156	0.003920
15	0.008518	0.003920
16	0.004595	0.003920
17	0.004685	0.003920
18	0.004674	0.003920
19	0.004611	0.003920
20	0.005126	0.003920
21	0.006751	0.003920
22	0.004810	0.003920
23	0.004601	0.003920
24	0.005157	0.003920
25	0.006134	0.003920
26	0.008500	0.003920
27	0.003021	0.003920
28	0.002864	0.003920
29	0.002890	0.003920
30	0.002838	0.003920
31	0.002856	0.003920
32	0.003214	0.003920
33	0.002718	0.003920
34	0.002838	0.003920
35	0.007310	0.003920
36	0.002937	0.003920
37	0.002912	0.003920
38	0.006517	0.003920
39	0.003382	0.003920
40	0.002887	0.003920
41	0.003423	0.003920
42	0.006250	0.003920
43	0.002783	0.003920
44	0.002803	0.003920
45	0.002931	0.003920
46	0.002912	0.003920
47	0.003342	0.003920
48	0.002823	0.003920
49	0.003502	0.003920
50	0.005435	0.003920
51	0.004814	0.003920
52	0.003546	0.003920
53	0.002875	0.003920
54	0.003433	0.003920
55	0.002930	0.003920
56	0.002927	0.003920
57	0.003923	0.003920
58	0.002992	0.003920
59	0.005469	0.003920
60	0.003564	0.003920
61	0.003668	0.003920
62	0.002924	0.003920
63	0.003327	0.003920
64	0.002920	0.003920
65	0.004003	0.003920
66	0.003800	0.003920
67	0.006967	0.003920
68	0.004134	0.003920
69	0.002958	0.003920
70	0.003589	0.003920
71	0.002899	0.003920
72	0.003952	0.003920
73	0.003243	0.003920
74	0.006314	0.003920
75	0.003718	0.003920
76	0.003529	0.003920
77	0.003127	0.003920
78	0.002925	0.003920
79	0.002804	0.003920
80	0.003553	0.003920
81	0.003131	0.003920
82	0.004684	0.003920
83	0.004573	0.003920
84	0.003004	0.003920
85	0.002997	0.003920
86	0.002949	0.003920
87	0.002875	0.003920
88	0.004164	0.003920
89	0.003345	0.003920
90	0.003364	0.003920
91	0.006873	0.003920
92	0.002833	0.003920
93	0.003113	0.003920
94	0.002918	0.003920
95	0.003055	0.003920
96	0.003641	0.003920
97	0.003022	0.003920
98	0.002988	0.003920
99	0.003368	0.003920
100	0.007205	0.003920
