1	0.024463	0.024766
2	0.025702	0.024766
3	0.023747	0.024766
4	0.026238	0.024766
5	0.023501	0.024766
6	0.025134	0.024766
7	0.025121	0.024766
8	0.043439	0.024766
9	0.036089	0.024766
10	0.039312	0.024766
11	0.031628	0.024766
12	0.025399	0.024766
13	0.027590	0.024766
14	0.025277	0.024766
15	0.022746	0.024766
16	0.022066	0.024766
17	0.022199	0.024766
18	0.023627	0.024766
19	0.022079	0.024766
20	0.026033	0.024766
21	0.027987	0.024766
22	0.025919	0.024766
23	0.025971	0.024766
24	0.023160	0.024766
25	0.020004	0.024766
26	0.022215	0.024766
27	0.022406	0.024766
28	0.020198	0.024766
29	0.024198	0.024766
30	0.025075	0.024766
31	0.028000	0.024766
32	0.019990	0.024766
33	0.029498	0.024766
34	0.023372	0.024766
35	0.022704	0.024766
36	0.022613	0.024766
37	0.025637	0.024766
38	0.021517	0.024766
39	0.025941	0.024766
40	0.028594	0.024766
41	0.021520	0.024766
42	0.025696	0.024766
43	0.024572	0.024766
44	0.031573	0.024766
45	0.027401	0.024766
46	0.024201	0.024766
47	0.022393	0.024766
48	0.026581	0.024766
49	0.022852	0.024766
50	0.025620	0.024766
51	0.021539	0.024766
52	0.023382	0.024766
53	0.021835	0.024766
54	0.020302	0.024766
55	0.022397	0.024766
56	0.024166	0.024766
57	0.027487	0.024766
58	0.024855	0.024766
59	0.027142	0.024766
60	0.020903	0.024766
61	0.023412	0.024766
62	0.026997	0.024766
63	0.022101	0.024766
64	0.023402	0.024766
65	0.027650	0.024766
66	0.022837	0.024766
67	0.024020	0.024766
68	0.025330	0.024766
69	0.021520	0.024766
70	0.024821	0.024766
71	0.026140	0.024766
72	0.018974	0.024766
73	0.022579	0.024766
74	0.023665	0.024766
75	0.024736	0.024766
76	0.026249	0.024766
77	0.026277	0.024766
78	0.026477	0.024766
79	0.023953	0.024766
80	0.024488	0.024766
81	0.021143	0.024766
82	0.022829	0.024766
83	0.023881	0.024766
84	0.026880	0.024766
85	0.024423	0.024766
86	0.021786	0.024766
87	0.025648	0.024766
88	0.023686	0.024766
89	0.022197	0.024766
90	0.020720	0.024766
91	0.021969	0.024766
92	0.025941	0.024766
93	0.023378	0.024766
94	0.020049	0.024766
95	0.026637	0.024766
96	0.026005	0.024766
97	0.028516	0.024766
98	0.021378	0.024766
99	0.026781	0.024766
100	0.024341	0.024766
