1	0.001012	0.000790
2	0.000761	0.000790
3	0.000781	0.000790
4	0.000782	0.000790
5	0.000743	0.000790
6	0.000755	0.000790
7	0.000969	0.000790
8	0.000754	0.000790
9	0.000754	0.000790
10	0.000786	0.000790
11	0.000776	0.000790
12	0.000785	0.000790
13	0.000778	0.000790
14	0.000770	0.000790
15	0.000776	0.000790
16	0.000813	0.000790
17	0.000775	0.000790
18	0.000784	0.000790
19	0.000775	0.000790
20	0.000782	0.000790
21	0.000805	0.000790
22	0.000779	0.000790
23	0.000788	0.000790
24	0.000775	0.000790
25	0.000840	0.000790
26	0.001173	0.000790
27	0.000781	0.000790
28	0.000789	0.000790
29	0.000780	0.000790
30	0.000787	0.000790
31	0.000769	0.000790
32	0.000774	0.000790
33	0.000787	0.000790
34	0.000788	0.000790
35	0.000782	0.000790
36	0.000770	0.000790
37	0.000776	0.000790
38	0.000783	0.000790
39	0.000778	0.000790
40	0.000784	0.000790
41	0.000766	0.000790
42	0.000784	0.000790
43	0.000799	0.000790
44	0.000781	0.000790
45	0.000782	0.000790
46	0.000771	0.000790
47	0.000784	0.000790
48	0.000783	0.000790
49	0.000781	0.000790
50	0.000787	0.000790
51	0.000773	0.000790
52	0.000793	0.000790
53	0.000771	0.000790
54	0.000794	0.000790
55	0.000777	0.000790
56	0.000789	0.000790
57	0.000797	0.000790
58	0.000776	0.000790
59	0.000796	0.000790
60	0.000783	0.000790
61	0.000796	0.000790
62	0.000795	0.000790
63	0.000766	0.000790
64	0.000787	0.000790
65	0.000767	0.000790
66	0.000787	0.000790
67	0.000775	0.000790
68	0.000773	0.000790
69	0.000790	0.000790
70	0.000776	0.000790
71	0.000780	0.000790
72	0.000779	0.000790
73	0.000779	0.000790
74	0.000861	0.000790
75	0.000782	0.000790
76	0.000779	0.000790
77	0.000780	0.000790
78	0.000774	0.000790
79	0.000794	0.000790
80	0.000770	0.000790
81	0.000783	0.000790
82	0.000769	0.000790
83	0.000781	0.000790
84	0.000794	0.000790
85	0.000786	0.000790
86	0.000786	0.000790
87	0.000768	0.000790
88	0.000780	0.000790
89	0.000776	0.000790
90	0.000781	0.000790
91	0.000794	0.000790
92	0.000768	0.000790
93	0.000798	0.000790
94	0.000765	0.000790
95	0.000778	0.000790
96	0.000779	0.000790
97	0.000777	0.000790
98	0.000812	0.000790
99	0.000776	0.000790
100	0.000778	0.000790
