1	0.139655	0.179108
2	0.166874	0.179108
3	0.142717	0.179108
4	0.182388	0.179108
5	0.200106	0.179108
6	0.174142	0.179108
7	0.141880	0.179108
8	0.139670	0.179108
9	0.145007	0.179108
10	0.138504	0.179108
11	0.138466	0.179108
12	0.151257	0.179108
13	0.150126	0.179108
14	0.144237	0.179108
15	0.144990	0.179108
16	0.144458	0.179108
17	0.155372	0.179108
18	0.142392	0.179108
19	0.153827	0.179108
20	0.144748	0.179108
21	0.146839	0.179108
22	0.140397	0.179108
23	0.145783	0.179108
24	0.143175	0.179108
25	0.152479	0.179108
26	0.150262	0.179108
27	0.148933	0.179108
28	0.148251	0.179108
29	0.150585	0.179108
30	0.157086	0.179108
31	0.157911	0.179108
32	0.145709	0.179108
33	0.144606	0.179108
34	0.141409	0.179108
35	0.144990	0.179108
36	0.146988	0.179108
37	0.139940	0.179108
38	0.143063	0.179108
39	0.151620	0.179108
40	0.142525	0.179108
41	0.146881	0.179108
42	0.170198	0.179108
43	0.197117	0.179108
44	0.148833	0.179108
45	0.143562	0.179108
46	0.151699	0.179108
47	0.144868	0.179108
48	0.153195	0.179108
49	0.144681	0.179108
50	0.147885	0.179108
51	0.143099	0.179108
52	0.143250	0.179108
53	0.148109	0.179108
54	0.152025	0.179108
55	0.142596	0.179108
56	0.144231	0.179108
57	0.144668	0.179108
58	0.142525	0.179108
59	0.140654	0.179108
60	0.147034	0.179108
61	0.140305	0.179108
62	0.136921	0.179108
63	0.145663	0.179108
64	0.152977	0.179108
65	0.150814	0.179108
66	0.144450	0.179108
67	0.142700	0.179108
68	0.151947	0.179108
69	0.142790	0.179108
70	0.145467	0.179108
71	0.143396	0.179108
72	0.146688	0.179108
73	0.143534	0.179108
74	0.212223	0.179108
75	0.264079	0.179108
76	0.264747	0.179108
77	0.264803	0.179108
78	0.263003	0.179108
79	0.263213	0.179108
80	0.261863	0.179108
81	0.261655	0.179108
82	0.262196	0.179108
83	0.256808	0.179108
84	0.273881	0.179108
85	0.256872	0.179108
86	0.271788	0.179108
87	0.245315	0.179108
88	0.280732	0.179108
89	0.264454	0.179108
90	0.259031	0.179108
91	0.267652	0.179108
92	0.262468	0.179108
93	0.265459	0.179108
94	0.259863	0.179108
95	0.262635	0.179108
96	0.259620	0.179108
97	0.261999	0.179108
98	0.258992	0.179108
99	0.258735	0.179108
100	0.258606	0.179108
